Number of satellites: 8
Satellite 1, Satellite 2, Satellite 3, Satellite 4, Satellite 5, Satellite 6, Satellite 7, Satellite 8

Time: 2025-10-24 00:00:00
0 0 0 0 0 1 0 0
0 0 1 1 0 0 1 1
0 1 0 1 0 0 1 1
0 1 1 0 0 1 1 1
0 0 0 0 0 0 1 1
1 0 0 1 0 0 0 0
0 1 1 1 1 0 0 1
0 1 1 1 1 0 1 0

Time: 2025-10-24 00:01:00
0 0 0 0 0 1 0 0
0 0 1 1 0 0 1 1
0 1 0 1 0 0 1 1
0 1 1 0 0 1 1 1
0 0 0 0 0 0 1 1
1 0 0 1 0 0 0 0
0 1 1 1 1 0 0 1
0 1 1 1 1 0 1 0

Time: 2025-10-24 00:02:00
0 0 0 0 0 1 0 0
0 0 1 1 0 0 1 1
0 1 0 1 0 0 1 1
0 1 1 0 0 1 1 1
0 0 0 0 0 0 1 1
1 0 0 1 0 0 0 0
0 1 1 1 1 0 0 1
0 1 1 1 1 0 1 0

Time: 2025-10-24 00:03:00
0 0 0 0 0 1 0 0
0 0 1 1 0 0 1 1
0 1 0 1 0 0 1 1
0 1 1 0 0 1 1 1
0 0 0 0 0 0 1 0
1 0 0 1 0 0 0 0
0 1 1 1 1 0 0 1
0 1 1 1 0 0 1 0

Time: 2025-10-24 00:04:00
0 0 0 0 0 1 0 0
0 0 1 1 0 0 1 1
0 1 0 1 0 0 1 1
0 1 1 0 0 1 1 1
0 0 0 0 0 0 1 0
1 0 0 1 0 0 0 0
0 1 1 1 1 0 0 1
0 1 1 1 0 0 1 0

