Number of satellites: 4
Satellite 1, Satellite 2, Satellite 3, Satellite 4

Time: 2025-10-24 00:00:00
0 0 0 0
0 0 1 1
0 1 0 1
0 1 1 0

Time: 2025-10-24 00:01:00
0 0 0 0
0 0 1 1
0 1 0 1
0 1 1 0

Time: 2025-10-24 00:02:00
0 0 0 0
0 0 1 1
0 1 0 1
0 1 1 0

Time: 2025-10-24 00:03:00
0 0 0 0
0 0 1 1
0 1 0 1
0 1 1 0

Time: 2025-10-24 00:04:00
0 0 0 0
0 0 1 1
0 1 0 1
0 1 1 0

Time: 2025-10-24 00:05:00
0 0 0 0
0 0 1 1
0 1 0 1
0 1 1 0

Time: 2025-10-24 00:06:00
0 0 0 0
0 0 1 1
0 1 0 1
0 1 1 0

Time: 2025-10-24 00:07:00
0 0 0 0
0 0 1 1
0 1 0 1
0 1 1 0

Time: 2025-10-24 00:08:00
0 0 0 0
0 0 1 1
0 1 0 1
0 1 1 0

Time: 2025-10-24 00:09:00
0 0 0 0
0 0 1 0
0 1 0 0
0 0 0 0

