Number of satellites: 4
Satellite 1, Satellite 2, Satellite 3, Satellite 4

Time: 2025-10-30 17:07:32
0 1 1 1
1 0 1 1
1 1 0 1
1 1 1 0

Time: 2025-10-30 17:08:32
0 1 1 1
1 0 1 1
1 1 0 1
1 1 1 0

Time: 2025-10-30 17:09:32
0 1 1 1
1 0 1 1
1 1 0 1
1 1 1 0

Time: 2025-10-30 17:10:32
0 1 1 1
1 0 1 1
1 1 0 1
1 1 1 0

Time: 2025-10-30 17:11:32
0 1 1 1
1 0 1 1
1 1 0 1
1 1 1 0

Time: 2025-10-30 17:12:32
0 1 1 1
1 0 1 1
1 1 0 1
1 1 1 0

Time: 2025-10-30 17:13:32
0 1 1 1
1 0 1 1
1 1 0 1
1 1 1 0

Time: 2025-10-30 17:14:32
0 1 1 1
1 0 1 1
1 1 0 1
1 1 1 0

Time: 2025-10-30 17:15:32
0 1 1 1
1 0 1 1
1 1 0 1
1 1 1 0

Time: 2025-10-30 17:16:32
0 1 1 1
1 0 1 1
1 1 0 1
1 1 1 0

Time: 2025-10-30 17:17:32
0 1 1 1
1 0 1 1
1 1 0 1
1 1 1 0

Time: 2025-10-30 17:18:32
0 1 1 1
1 0 1 1
1 1 0 1
1 1 1 0

Time: 2025-10-30 17:19:32
0 1 1 1
1 0 1 1
1 1 0 1
1 1 1 0

Time: 2025-10-30 17:20:32
0 1 1 1
1 0 1 1
1 1 0 1
1 1 1 0

Time: 2025-10-30 17:21:32
0 1 1 1
1 0 1 1
1 1 0 1
1 1 1 0

Time: 2025-10-30 17:22:32
0 1 1 1
1 0 1 1
1 1 0 1
1 1 1 0

Time: 2025-10-30 17:23:32
0 1 1 1
1 0 1 1
1 1 0 1
1 1 1 0

Time: 2025-10-30 17:24:32
0 1 1 1
1 0 1 1
1 1 0 1
1 1 1 0

Time: 2025-10-30 17:25:32
0 1 1 1
1 0 1 1
1 1 0 1
1 1 1 0

Time: 2025-10-30 17:26:32
0 1 1 1
1 0 1 1
1 1 0 1
1 1 1 0

Time: 2025-10-30 17:27:32
0 1 1 1
1 0 1 1
1 1 0 1
1 1 1 0

Time: 2025-10-30 17:28:32
0 1 1 1
1 0 1 1
1 1 0 1
1 1 1 0

Time: 2025-10-30 17:29:32
0 1 1 1
1 0 1 1
1 1 0 1
1 1 1 0

Time: 2025-10-30 17:30:32
0 1 1 1
1 0 1 1
1 1 0 1
1 1 1 0

Time: 2025-10-30 17:31:32
0 1 1 1
1 0 1 1
1 1 0 1
1 1 1 0

Time: 2025-10-30 17:32:32
0 1 1 1
1 0 1 1
1 1 0 1
1 1 1 0

Time: 2025-10-30 17:33:32
0 1 1 1
1 0 1 1
1 1 0 1
1 1 1 0

Time: 2025-10-30 17:34:32
0 1 1 1
1 0 1 1
1 1 0 1
1 1 1 0

Time: 2025-10-30 17:35:32
0 1 1 1
1 0 1 1
1 1 0 1
1 1 1 0

Time: 2025-10-30 17:36:32
0 1 1 1
1 0 1 1
1 1 0 1
1 1 1 0

Time: 2025-10-30 17:37:32
0 1 1 1
1 0 1 1
1 1 0 1
1 1 1 0

Time: 2025-10-30 17:38:32
0 1 1 1
1 0 1 1
1 1 0 1
1 1 1 0

Time: 2025-10-30 17:39:32
0 1 1 1
1 0 1 1
1 1 0 1
1 1 1 0

Time: 2025-10-30 17:40:32
0 1 1 1
1 0 1 1
1 1 0 1
1 1 1 0

Time: 2025-10-30 17:41:32
0 1 1 1
1 0 1 1
1 1 0 1
1 1 1 0

Time: 2025-10-30 17:42:32
0 1 1 1
1 0 1 1
1 1 0 1
1 1 1 0

Time: 2025-10-30 17:43:32
0 1 1 1
1 0 1 1
1 1 0 1
1 1 1 0

Time: 2025-10-30 17:44:32
0 1 1 1
1 0 1 1
1 1 0 1
1 1 1 0

Time: 2025-10-30 17:45:32
0 1 1 1
1 0 1 1
1 1 0 1
1 1 1 0

Time: 2025-10-30 17:46:32
0 1 1 1
1 0 1 1
1 1 0 1
1 1 1 0

Time: 2025-10-30 17:47:32
0 1 1 1
1 0 1 1
1 1 0 1
1 1 1 0

Time: 2025-10-30 17:48:32
0 1 1 1
1 0 1 1
1 1 0 1
1 1 1 0

Time: 2025-10-30 17:49:32
0 1 1 1
1 0 1 1
1 1 0 1
1 1 1 0

Time: 2025-10-30 17:50:32
0 1 1 1
1 0 1 1
1 1 0 1
1 1 1 0

Time: 2025-10-30 17:51:32
0 1 1 1
1 0 1 1
1 1 0 1
1 1 1 0

Time: 2025-10-30 17:52:32
0 1 1 1
1 0 1 1
1 1 0 1
1 1 1 0

Time: 2025-10-30 17:53:32
0 1 1 1
1 0 1 1
1 1 0 1
1 1 1 0

Time: 2025-10-30 17:54:32
0 1 1 1
1 0 1 1
1 1 0 1
1 1 1 0

Time: 2025-10-30 17:55:32
0 1 1 1
1 0 1 1
1 1 0 1
1 1 1 0

Time: 2025-10-30 17:56:32
0 1 1 1
1 0 1 1
1 1 0 1
1 1 1 0

Time: 2025-10-30 17:57:32
0 1 1 1
1 0 1 1
1 1 0 1
1 1 1 0

Time: 2025-10-30 17:58:32
0 1 1 1
1 0 1 1
1 1 0 1
1 1 1 0

Time: 2025-10-30 17:59:32
0 1 1 1
1 0 1 1
1 1 0 1
1 1 1 0

Time: 2025-10-30 18:00:32
0 1 1 1
1 0 1 1
1 1 0 1
1 1 1 0

Time: 2025-10-30 18:01:32
0 1 1 1
1 0 1 1
1 1 0 1
1 1 1 0

Time: 2025-10-30 18:02:32
0 1 1 1
1 0 1 1
1 1 0 1
1 1 1 0

Time: 2025-10-30 18:03:32
0 1 1 1
1 0 1 1
1 1 0 1
1 1 1 0

Time: 2025-10-30 18:04:32
0 1 1 1
1 0 1 1
1 1 0 1
1 1 1 0

Time: 2025-10-30 18:05:32
0 1 1 1
1 0 1 1
1 1 0 1
1 1 1 0

Time: 2025-10-30 18:06:32
0 1 1 1
1 0 1 1
1 1 0 1
1 1 1 0

Time: 2025-10-30 18:07:32
0 1 1 1
1 0 1 1
1 1 0 1
1 1 1 0

Time: 2025-10-30 18:08:32
0 1 1 1
1 0 1 1
1 1 0 1
1 1 1 0

Time: 2025-10-30 18:09:32
0 1 1 1
1 0 1 1
1 1 0 1
1 1 1 0

Time: 2025-10-30 18:10:32
0 1 1 1
1 0 1 1
1 1 0 1
1 1 1 0

Time: 2025-10-30 18:11:32
0 1 1 1
1 0 1 1
1 1 0 1
1 1 1 0

Time: 2025-10-30 18:12:32
0 1 1 1
1 0 1 1
1 1 0 1
1 1 1 0

Time: 2025-10-30 18:13:32
0 1 1 1
1 0 1 1
1 1 0 1
1 1 1 0

Time: 2025-10-30 18:14:32
0 1 1 1
1 0 1 1
1 1 0 1
1 1 1 0

Time: 2025-10-30 18:15:32
0 1 1 1
1 0 1 1
1 1 0 1
1 1 1 0

Time: 2025-10-30 18:16:32
0 1 1 1
1 0 1 1
1 1 0 1
1 1 1 0

Time: 2025-10-30 18:17:32
0 1 1 1
1 0 1 1
1 1 0 1
1 1 1 0

Time: 2025-10-30 18:18:32
0 1 1 1
1 0 1 1
1 1 0 1
1 1 1 0

Time: 2025-10-30 18:19:32
0 1 1 1
1 0 1 1
1 1 0 1
1 1 1 0

Time: 2025-10-30 18:20:32
0 1 1 1
1 0 1 1
1 1 0 1
1 1 1 0

Time: 2025-10-30 18:21:32
0 1 1 1
1 0 1 1
1 1 0 1
1 1 1 0

Time: 2025-10-30 18:22:32
0 1 1 1
1 0 1 1
1 1 0 1
1 1 1 0

Time: 2025-10-30 18:23:32
0 1 1 1
1 0 1 1
1 1 0 1
1 1 1 0

Time: 2025-10-30 18:24:32
0 1 1 1
1 0 1 1
1 1 0 1
1 1 1 0

Time: 2025-10-30 18:25:32
0 1 1 1
1 0 1 1
1 1 0 1
1 1 1 0

Time: 2025-10-30 18:26:32
0 1 1 1
1 0 1 1
1 1 0 1
1 1 1 0

Time: 2025-10-30 18:27:32
0 1 1 1
1 0 1 1
1 1 0 1
1 1 1 0

Time: 2025-10-30 18:28:32
0 1 1 1
1 0 1 1
1 1 0 1
1 1 1 0

Time: 2025-10-30 18:29:32
0 1 1 1
1 0 1 1
1 1 0 1
1 1 1 0

Time: 2025-10-30 18:30:32
0 1 1 1
1 0 1 1
1 1 0 1
1 1 1 0

Time: 2025-10-30 18:31:32
0 1 1 1
1 0 1 1
1 1 0 1
1 1 1 0

Time: 2025-10-30 18:32:32
0 1 1 1
1 0 1 1
1 1 0 1
1 1 1 0

Time: 2025-10-30 18:33:32
0 1 1 1
1 0 1 1
1 1 0 1
1 1 1 0

Time: 2025-10-30 18:34:32
0 1 1 1
1 0 1 1
1 1 0 1
1 1 1 0

Time: 2025-10-30 18:35:32
0 1 1 1
1 0 1 1
1 1 0 1
1 1 1 0

Time: 2025-10-30 18:36:32
0 1 1 1
1 0 1 1
1 1 0 1
1 1 1 0

Time: 2025-10-30 18:37:32
0 1 1 1
1 0 1 1
1 1 0 1
1 1 1 0

Time: 2025-10-30 18:38:32
0 1 1 1
1 0 1 1
1 1 0 1
1 1 1 0

Time: 2025-10-30 18:39:32
0 1 1 1
1 0 1 1
1 1 0 1
1 1 1 0

Time: 2025-10-30 18:40:32
0 1 1 1
1 0 1 1
1 1 0 1
1 1 1 0

Time: 2025-10-30 18:41:32
0 1 1 1
1 0 1 1
1 1 0 1
1 1 1 0

Time: 2025-10-30 18:42:32
0 1 1 1
1 0 1 1
1 1 0 1
1 1 1 0

Time: 2025-10-30 18:43:32
0 1 1 1
1 0 1 1
1 1 0 1
1 1 1 0

Time: 2025-10-30 18:44:32
0 1 1 1
1 0 1 1
1 1 0 1
1 1 1 0

Time: 2025-10-30 18:45:32
0 1 1 1
1 0 1 1
1 1 0 1
1 1 1 0

Time: 2025-10-30 18:46:32
0 1 1 1
1 0 1 1
1 1 0 1
1 1 1 0

