Number of satellites: 4
Satellite 1, Satellite 2, Satellite 3, Satellite 4

Time: 2025-10-30 16:57:24
0 1 1 1
1 0 1 1
1 1 0 1
1 1 1 0

Time: 2025-10-30 16:58:24
0 1 1 1
1 0 1 1
1 1 0 1
1 1 1 0

Time: 2025-10-30 16:59:24
0 1 1 1
1 0 1 1
1 1 0 1
1 1 1 0

Time: 2025-10-30 17:00:24
0 1 1 1
1 0 1 1
1 1 0 1
1 1 1 0

Time: 2025-10-30 17:01:24
0 1 1 1
1 0 1 1
1 1 0 1
1 1 1 0

Time: 2025-10-30 17:02:24
0 1 1 1
1 0 1 1
1 1 0 1
1 1 1 0

Time: 2025-10-30 17:03:24
0 1 1 1
1 0 1 1
1 1 0 1
1 1 1 0

Time: 2025-10-30 17:04:24
0 1 1 1
1 0 1 1
1 1 0 1
1 1 1 0

Time: 2025-10-30 17:05:24
0 1 1 1
1 0 1 1
1 1 0 1
1 1 1 0

Time: 2025-10-30 17:06:24
0 1 1 1
1 0 1 1
1 1 0 1
1 1 1 0

Time: 2025-10-30 17:07:24
0 1 1 1
1 0 1 1
1 1 0 1
1 1 1 0

Time: 2025-10-30 17:08:24
0 1 1 1
1 0 1 1
1 1 0 1
1 1 1 0

Time: 2025-10-30 17:09:24
0 1 1 1
1 0 1 1
1 1 0 1
1 1 1 0

Time: 2025-10-30 17:10:24
0 1 1 1
1 0 1 1
1 1 0 1
1 1 1 0

Time: 2025-10-30 17:11:24
0 1 1 1
1 0 1 1
1 1 0 1
1 1 1 0

Time: 2025-10-30 17:12:24
0 1 1 1
1 0 1 1
1 1 0 1
1 1 1 0

Time: 2025-10-30 17:13:24
0 1 1 1
1 0 1 1
1 1 0 1
1 1 1 0

Time: 2025-10-30 17:14:24
0 1 1 1
1 0 1 1
1 1 0 1
1 1 1 0

Time: 2025-10-30 17:15:24
0 1 1 1
1 0 1 1
1 1 0 1
1 1 1 0

Time: 2025-10-30 17:16:24
0 1 1 1
1 0 1 1
1 1 0 1
1 1 1 0

Time: 2025-10-30 17:17:24
0 1 1 1
1 0 1 1
1 1 0 1
1 1 1 0

Time: 2025-10-30 17:18:24
0 1 1 1
1 0 1 1
1 1 0 1
1 1 1 0

Time: 2025-10-30 17:19:24
0 1 1 1
1 0 1 1
1 1 0 1
1 1 1 0

Time: 2025-10-30 17:20:24
0 1 1 1
1 0 1 1
1 1 0 1
1 1 1 0

Time: 2025-10-30 17:21:24
0 1 1 1
1 0 1 1
1 1 0 1
1 1 1 0

Time: 2025-10-30 17:22:24
0 1 1 1
1 0 1 1
1 1 0 1
1 1 1 0

Time: 2025-10-30 17:23:24
0 1 1 1
1 0 1 1
1 1 0 1
1 1 1 0

Time: 2025-10-30 17:24:24
0 1 1 1
1 0 1 1
1 1 0 1
1 1 1 0

Time: 2025-10-30 17:25:24
0 1 1 1
1 0 1 1
1 1 0 1
1 1 1 0

Time: 2025-10-30 17:26:24
0 1 1 1
1 0 1 1
1 1 0 1
1 1 1 0

Time: 2025-10-30 17:27:24
0 1 1 1
1 0 1 1
1 1 0 1
1 1 1 0

Time: 2025-10-30 17:28:24
0 1 1 1
1 0 1 1
1 1 0 1
1 1 1 0

Time: 2025-10-30 17:29:24
0 1 1 1
1 0 1 1
1 1 0 1
1 1 1 0

Time: 2025-10-30 17:30:24
0 1 1 1
1 0 1 1
1 1 0 1
1 1 1 0

Time: 2025-10-30 17:31:24
0 1 1 1
1 0 1 1
1 1 0 1
1 1 1 0

Time: 2025-10-30 17:32:24
0 1 1 1
1 0 1 1
1 1 0 1
1 1 1 0

Time: 2025-10-30 17:33:24
0 1 1 1
1 0 1 1
1 1 0 1
1 1 1 0

Time: 2025-10-30 17:34:24
0 1 1 1
1 0 1 1
1 1 0 1
1 1 1 0

Time: 2025-10-30 17:35:24
0 1 1 1
1 0 1 1
1 1 0 1
1 1 1 0

Time: 2025-10-30 17:36:24
0 1 1 1
1 0 1 1
1 1 0 1
1 1 1 0

Time: 2025-10-30 17:37:24
0 1 1 1
1 0 1 1
1 1 0 1
1 1 1 0

Time: 2025-10-30 17:38:24
0 1 1 1
1 0 1 1
1 1 0 1
1 1 1 0

Time: 2025-10-30 17:39:24
0 1 1 1
1 0 1 1
1 1 0 1
1 1 1 0

Time: 2025-10-30 17:40:24
0 1 1 1
1 0 1 1
1 1 0 1
1 1 1 0

Time: 2025-10-30 17:41:24
0 1 1 1
1 0 1 1
1 1 0 1
1 1 1 0

Time: 2025-10-30 17:42:24
0 1 1 1
1 0 1 1
1 1 0 1
1 1 1 0

Time: 2025-10-30 17:43:24
0 1 1 1
1 0 1 1
1 1 0 1
1 1 1 0

Time: 2025-10-30 17:44:24
0 1 1 1
1 0 1 1
1 1 0 1
1 1 1 0

Time: 2025-10-30 17:45:24
0 1 1 1
1 0 1 1
1 1 0 1
1 1 1 0

Time: 2025-10-30 17:46:24
0 1 1 1
1 0 1 1
1 1 0 1
1 1 1 0

