Number of satellites: 4
Satellite 1, Satellite 2, Satellite 3, Satellite 4

Time: 2025-10-30 16:35:56
0 1 1 1
1 0 1 1
1 1 0 1
1 1 1 0

Time: 2025-10-30 16:36:56
0 1 1 1
1 0 1 1
1 1 0 1
1 1 1 0

Time: 2025-10-30 16:37:56
0 1 1 1
1 0 1 1
1 1 0 1
1 1 1 0

Time: 2025-10-30 16:38:56
0 1 1 1
1 0 1 1
1 1 0 1
1 1 1 0

Time: 2025-10-30 16:39:56
0 1 1 1
1 0 1 1
1 1 0 1
1 1 1 0

Time: 2025-10-30 16:40:56
0 1 1 1
1 0 1 1
1 1 0 1
1 1 1 0

Time: 2025-10-30 16:41:56
0 1 1 1
1 0 1 1
1 1 0 1
1 1 1 0

Time: 2025-10-30 16:42:56
0 1 1 1
1 0 1 1
1 1 0 1
1 1 1 0

Time: 2025-10-30 16:43:56
0 1 1 1
1 0 1 1
1 1 0 1
1 1 1 0

Time: 2025-10-30 16:44:56
0 1 1 1
1 0 1 1
1 1 0 1
1 1 1 0

Time: 2025-10-30 16:45:56
0 1 1 1
1 0 1 1
1 1 0 1
1 1 1 0

Time: 2025-10-30 16:46:56
0 1 1 1
1 0 1 1
1 1 0 1
1 1 1 0

Time: 2025-10-30 16:47:56
0 1 1 1
1 0 1 1
1 1 0 1
1 1 1 0

Time: 2025-10-30 16:48:56
0 1 1 1
1 0 1 1
1 1 0 1
1 1 1 0

Time: 2025-10-30 16:49:56
0 1 1 1
1 0 1 1
1 1 0 1
1 1 1 0

Time: 2025-10-30 16:50:56
0 1 1 1
1 0 1 1
1 1 0 1
1 1 1 0

Time: 2025-10-30 16:51:56
0 1 1 1
1 0 1 1
1 1 0 1
1 1 1 0

Time: 2025-10-30 16:52:56
0 1 1 1
1 0 1 1
1 1 0 1
1 1 1 0

Time: 2025-10-30 16:53:56
0 1 1 1
1 0 1 1
1 1 0 1
1 1 1 0

Time: 2025-10-30 16:54:56
0 1 1 1
1 0 1 1
1 1 0 1
1 1 1 0

Time: 2025-10-30 16:55:56
0 1 1 1
1 0 1 1
1 1 0 1
1 1 1 0

Time: 2025-10-30 16:56:56
0 1 1 1
1 0 1 1
1 1 0 1
1 1 1 0

Time: 2025-10-30 16:57:56
0 1 1 1
1 0 1 1
1 1 0 1
1 1 1 0

Time: 2025-10-30 16:58:56
0 1 1 1
1 0 1 1
1 1 0 1
1 1 1 0

Time: 2025-10-30 16:59:56
0 1 1 1
1 0 1 1
1 1 0 1
1 1 1 0

Time: 2025-10-30 17:00:56
0 1 1 1
1 0 1 1
1 1 0 1
1 1 1 0

Time: 2025-10-30 17:01:56
0 1 1 1
1 0 1 1
1 1 0 1
1 1 1 0

Time: 2025-10-30 17:02:56
0 1 1 1
1 0 1 1
1 1 0 1
1 1 1 0

Time: 2025-10-30 17:03:56
0 1 1 1
1 0 1 1
1 1 0 1
1 1 1 0

Time: 2025-10-30 17:04:56
0 1 1 1
1 0 1 1
1 1 0 1
1 1 1 0

Time: 2025-10-30 17:05:56
0 1 1 1
1 0 1 1
1 1 0 1
1 1 1 0

Time: 2025-10-30 17:06:56
0 1 1 1
1 0 1 1
1 1 0 1
1 1 1 0

Time: 2025-10-30 17:07:56
0 1 1 1
1 0 1 1
1 1 0 1
1 1 1 0

Time: 2025-10-30 17:08:56
0 1 1 1
1 0 1 1
1 1 0 1
1 1 1 0

Time: 2025-10-30 17:09:56
0 1 1 1
1 0 1 1
1 1 0 1
1 1 1 0

Time: 2025-10-30 17:10:56
0 1 1 1
1 0 1 1
1 1 0 1
1 1 1 0

Time: 2025-10-30 17:11:56
0 1 1 1
1 0 1 1
1 1 0 1
1 1 1 0

Time: 2025-10-30 17:12:56
0 1 1 1
1 0 1 1
1 1 0 1
1 1 1 0

Time: 2025-10-30 17:13:56
0 1 1 1
1 0 1 1
1 1 0 1
1 1 1 0

Time: 2025-10-30 17:14:56
0 1 1 1
1 0 1 1
1 1 0 1
1 1 1 0

Time: 2025-10-30 17:15:56
0 1 1 1
1 0 1 1
1 1 0 1
1 1 1 0

Time: 2025-10-30 17:16:56
0 1 1 1
1 0 1 1
1 1 0 1
1 1 1 0

Time: 2025-10-30 17:17:56
0 1 1 1
1 0 1 1
1 1 0 1
1 1 1 0

Time: 2025-10-30 17:18:56
0 1 1 1
1 0 1 1
1 1 0 1
1 1 1 0

Time: 2025-10-30 17:19:56
0 1 1 1
1 0 1 1
1 1 0 1
1 1 1 0

Time: 2025-10-30 17:20:56
0 1 1 1
1 0 1 1
1 1 0 1
1 1 1 0

Time: 2025-10-30 17:21:56
0 1 1 1
1 0 1 1
1 1 0 1
1 1 1 0

Time: 2025-10-30 17:22:56
0 1 1 1
1 0 1 1
1 1 0 1
1 1 1 0

Time: 2025-10-30 17:23:56
0 1 1 1
1 0 1 1
1 1 0 1
1 1 1 0

Time: 2025-10-30 17:24:56
0 1 1 1
1 0 1 1
1 1 0 1
1 1 1 0

Time: 2025-10-30 17:25:56
0 1 1 1
1 0 1 1
1 1 0 1
1 1 1 0

Time: 2025-10-30 17:26:56
0 1 1 1
1 0 1 1
1 1 0 1
1 1 1 0

Time: 2025-10-30 17:27:56
0 1 1 1
1 0 1 1
1 1 0 1
1 1 1 0

Time: 2025-10-30 17:28:56
0 1 1 1
1 0 1 1
1 1 0 1
1 1 1 0

Time: 2025-10-30 17:29:56
0 1 1 1
1 0 1 1
1 1 0 1
1 1 1 0

Time: 2025-10-30 17:30:56
0 1 1 1
1 0 1 1
1 1 0 1
1 1 1 0

Time: 2025-10-30 17:31:56
0 1 1 1
1 0 1 1
1 1 0 1
1 1 1 0

Time: 2025-10-30 17:32:56
0 1 1 1
1 0 1 1
1 1 0 1
1 1 1 0

Time: 2025-10-30 17:33:56
0 1 1 1
1 0 1 1
1 1 0 1
1 1 1 0

Time: 2025-10-30 17:34:56
0 1 1 1
1 0 1 1
1 1 0 1
1 1 1 0

Time: 2025-10-30 17:35:56
0 1 1 1
1 0 1 1
1 1 0 1
1 1 1 0

Time: 2025-10-30 17:36:56
0 1 1 1
1 0 1 1
1 1 0 1
1 1 1 0

Time: 2025-10-30 17:37:56
0 1 1 1
1 0 1 1
1 1 0 1
1 1 1 0

Time: 2025-10-30 17:38:56
0 1 1 1
1 0 1 1
1 1 0 1
1 1 1 0

Time: 2025-10-30 17:39:56
0 1 1 1
1 0 1 1
1 1 0 1
1 1 1 0

Time: 2025-10-30 17:40:56
0 1 1 1
1 0 1 1
1 1 0 1
1 1 1 0

Time: 2025-10-30 17:41:56
0 1 1 1
1 0 1 1
1 1 0 1
1 1 1 0

Time: 2025-10-30 17:42:56
0 1 1 1
1 0 1 1
1 1 0 1
1 1 1 0

Time: 2025-10-30 17:43:56
0 1 1 1
1 0 1 1
1 1 0 1
1 1 1 0

Time: 2025-10-30 17:44:56
0 1 1 1
1 0 1 1
1 1 0 1
1 1 1 0

Time: 2025-10-30 17:45:56
0 1 1 1
1 0 1 1
1 1 0 1
1 1 1 0

Time: 2025-10-30 17:46:56
0 1 1 1
1 0 1 1
1 1 0 1
1 1 1 0

Time: 2025-10-30 17:47:56
0 1 1 1
1 0 1 1
1 1 0 1
1 1 1 0

Time: 2025-10-30 17:48:56
0 1 1 1
1 0 1 1
1 1 0 1
1 1 1 0

Time: 2025-10-30 17:49:56
0 1 1 1
1 0 1 1
1 1 0 1
1 1 1 0

Time: 2025-10-30 17:50:56
0 1 1 1
1 0 1 1
1 1 0 1
1 1 1 0

Time: 2025-10-30 17:51:56
0 1 1 1
1 0 1 1
1 1 0 1
1 1 1 0

Time: 2025-10-30 17:52:56
0 1 1 1
1 0 1 1
1 1 0 1
1 1 1 0

Time: 2025-10-30 17:53:56
0 1 1 1
1 0 1 1
1 1 0 1
1 1 1 0

Time: 2025-10-30 17:54:56
0 1 1 1
1 0 1 1
1 1 0 1
1 1 1 0

Time: 2025-10-30 17:55:56
0 1 1 1
1 0 1 1
1 1 0 1
1 1 1 0

Time: 2025-10-30 17:56:56
0 1 1 1
1 0 1 1
1 1 0 1
1 1 1 0

Time: 2025-10-30 17:57:56
0 1 1 1
1 0 1 1
1 1 0 1
1 1 1 0

Time: 2025-10-30 17:58:56
0 1 1 1
1 0 1 1
1 1 0 1
1 1 1 0

Time: 2025-10-30 17:59:56
0 1 1 1
1 0 1 1
1 1 0 1
1 1 1 0

Time: 2025-10-30 18:00:56
0 1 1 1
1 0 1 1
1 1 0 1
1 1 1 0

Time: 2025-10-30 18:01:56
0 1 1 1
1 0 1 1
1 1 0 1
1 1 1 0

Time: 2025-10-30 18:02:56
0 1 1 1
1 0 1 1
1 1 0 1
1 1 1 0

Time: 2025-10-30 18:03:56
0 1 1 1
1 0 1 1
1 1 0 1
1 1 1 0

Time: 2025-10-30 18:04:56
0 1 1 1
1 0 1 1
1 1 0 1
1 1 1 0

Time: 2025-10-30 18:05:56
0 1 1 1
1 0 1 1
1 1 0 1
1 1 1 0

Time: 2025-10-30 18:06:56
0 1 1 1
1 0 1 1
1 1 0 1
1 1 1 0

Time: 2025-10-30 18:07:56
0 1 1 1
1 0 1 1
1 1 0 1
1 1 1 0

Time: 2025-10-30 18:08:56
0 1 1 1
1 0 1 1
1 1 0 1
1 1 1 0

Time: 2025-10-30 18:09:56
0 1 1 1
1 0 1 1
1 1 0 1
1 1 1 0

Time: 2025-10-30 18:10:56
0 1 1 1
1 0 1 1
1 1 0 1
1 1 1 0

Time: 2025-10-30 18:11:56
0 1 1 1
1 0 1 1
1 1 0 1
1 1 1 0

Time: 2025-10-30 18:12:56
0 1 1 1
1 0 1 1
1 1 0 1
1 1 1 0

Time: 2025-10-30 18:13:56
0 1 1 1
1 0 1 1
1 1 0 1
1 1 1 0

Time: 2025-10-30 18:14:56
0 1 1 1
1 0 1 1
1 1 0 1
1 1 1 0

