Number of satellites: 4
Satellite 1, Satellite 2, Satellite 3, Satellite 4

Time: 2025-10-30 16:54:18
0 1 1 1
1 0 1 1
1 1 0 1
1 1 1 0

Time: 2025-10-30 16:55:18
0 1 1 1
1 0 1 1
1 1 0 1
1 1 1 0

Time: 2025-10-30 16:56:18
0 1 1 1
1 0 1 1
1 1 0 1
1 1 1 0

Time: 2025-10-30 16:57:18
0 1 1 1
1 0 1 1
1 1 0 1
1 1 1 0

Time: 2025-10-30 16:58:18
0 1 1 1
1 0 1 1
1 1 0 1
1 1 1 0

Time: 2025-10-30 16:59:18
0 1 1 1
1 0 1 1
1 1 0 1
1 1 1 0

Time: 2025-10-30 17:00:18
0 1 1 1
1 0 1 1
1 1 0 1
1 1 1 0

Time: 2025-10-30 17:01:18
0 1 1 1
1 0 1 1
1 1 0 1
1 1 1 0

Time: 2025-10-30 17:02:18
0 1 1 1
1 0 1 1
1 1 0 1
1 1 1 0

Time: 2025-10-30 17:03:18
0 1 1 1
1 0 1 1
1 1 0 1
1 1 1 0

Time: 2025-10-30 17:04:18
0 1 1 1
1 0 1 1
1 1 0 1
1 1 1 0

Time: 2025-10-30 17:05:18
0 1 1 1
1 0 1 1
1 1 0 1
1 1 1 0

Time: 2025-10-30 17:06:18
0 1 1 1
1 0 1 1
1 1 0 1
1 1 1 0

Time: 2025-10-30 17:07:18
0 1 1 1
1 0 1 1
1 1 0 1
1 1 1 0

Time: 2025-10-30 17:08:18
0 1 1 1
1 0 1 1
1 1 0 1
1 1 1 0

Time: 2025-10-30 17:09:18
0 1 1 1
1 0 1 1
1 1 0 1
1 1 1 0

Time: 2025-10-30 17:10:18
0 1 1 1
1 0 1 1
1 1 0 1
1 1 1 0

Time: 2025-10-30 17:11:18
0 1 1 1
1 0 1 1
1 1 0 1
1 1 1 0

Time: 2025-10-30 17:12:18
0 1 1 1
1 0 1 1
1 1 0 1
1 1 1 0

Time: 2025-10-30 17:13:18
0 1 1 1
1 0 1 1
1 1 0 1
1 1 1 0

Time: 2025-10-30 17:14:18
0 1 1 1
1 0 1 1
1 1 0 1
1 1 1 0

Time: 2025-10-30 17:15:18
0 1 1 1
1 0 1 1
1 1 0 1
1 1 1 0

Time: 2025-10-30 17:16:18
0 1 1 1
1 0 1 1
1 1 0 1
1 1 1 0

Time: 2025-10-30 17:17:18
0 1 1 1
1 0 1 1
1 1 0 1
1 1 1 0

Time: 2025-10-30 17:18:18
0 1 1 1
1 0 1 1
1 1 0 1
1 1 1 0

Time: 2025-10-30 17:19:18
0 1 1 1
1 0 1 1
1 1 0 1
1 1 1 0

Time: 2025-10-30 17:20:18
0 1 1 1
1 0 1 1
1 1 0 1
1 1 1 0

Time: 2025-10-30 17:21:18
0 1 1 1
1 0 1 1
1 1 0 1
1 1 1 0

Time: 2025-10-30 17:22:18
0 1 1 1
1 0 1 1
1 1 0 1
1 1 1 0

Time: 2025-10-30 17:23:18
0 1 1 1
1 0 1 1
1 1 0 1
1 1 1 0

Time: 2025-10-30 17:24:18
0 1 1 1
1 0 1 1
1 1 0 1
1 1 1 0

Time: 2025-10-30 17:25:18
0 1 1 1
1 0 1 1
1 1 0 1
1 1 1 0

Time: 2025-10-30 17:26:18
0 1 1 1
1 0 1 1
1 1 0 1
1 1 1 0

Time: 2025-10-30 17:27:18
0 1 1 1
1 0 1 1
1 1 0 1
1 1 1 0

Time: 2025-10-30 17:28:18
0 1 1 1
1 0 1 1
1 1 0 1
1 1 1 0

Time: 2025-10-30 17:29:18
0 1 1 1
1 0 1 1
1 1 0 1
1 1 1 0

Time: 2025-10-30 17:30:18
0 1 1 1
1 0 1 1
1 1 0 1
1 1 1 0

Time: 2025-10-30 17:31:18
0 1 1 1
1 0 1 1
1 1 0 1
1 1 1 0

Time: 2025-10-30 17:32:18
0 1 1 1
1 0 1 1
1 1 0 1
1 1 1 0

Time: 2025-10-30 17:33:18
0 1 1 1
1 0 1 1
1 1 0 1
1 1 1 0

Time: 2025-10-30 17:34:18
0 1 1 1
1 0 1 1
1 1 0 1
1 1 1 0

Time: 2025-10-30 17:35:18
0 1 1 1
1 0 1 1
1 1 0 1
1 1 1 0

Time: 2025-10-30 17:36:18
0 1 1 1
1 0 1 1
1 1 0 1
1 1 1 0

Time: 2025-10-30 17:37:18
0 1 1 1
1 0 1 1
1 1 0 1
1 1 1 0

Time: 2025-10-30 17:38:18
0 1 1 1
1 0 1 1
1 1 0 1
1 1 1 0

Time: 2025-10-30 17:39:18
0 1 1 1
1 0 1 1
1 1 0 1
1 1 1 0

Time: 2025-10-30 17:40:18
0 1 1 1
1 0 1 1
1 1 0 1
1 1 1 0

Time: 2025-10-30 17:41:18
0 1 1 1
1 0 1 1
1 1 0 1
1 1 1 0

Time: 2025-10-30 17:42:18
0 1 1 1
1 0 1 1
1 1 0 1
1 1 1 0

Time: 2025-10-30 17:43:18
0 1 1 1
1 0 1 1
1 1 0 1
1 1 1 0

Time: 2025-10-30 17:44:18
0 1 1 1
1 0 1 1
1 1 0 1
1 1 1 0

Time: 2025-10-30 17:45:18
0 1 1 1
1 0 1 1
1 1 0 1
1 1 1 0

Time: 2025-10-30 17:46:18
0 1 1 1
1 0 1 1
1 1 0 1
1 1 1 0

Time: 2025-10-30 17:47:18
0 1 1 1
1 0 1 1
1 1 0 1
1 1 1 0

Time: 2025-10-30 17:48:18
0 1 1 1
1 0 1 1
1 1 0 1
1 1 1 0

Time: 2025-10-30 17:49:18
0 1 1 1
1 0 1 1
1 1 0 1
1 1 1 0

Time: 2025-10-30 17:50:18
0 1 1 1
1 0 1 1
1 1 0 1
1 1 1 0

Time: 2025-10-30 17:51:18
0 1 1 1
1 0 1 1
1 1 0 1
1 1 1 0

Time: 2025-10-30 17:52:18
0 1 1 1
1 0 1 1
1 1 0 1
1 1 1 0

Time: 2025-10-30 17:53:18
0 1 1 1
1 0 1 1
1 1 0 1
1 1 1 0

Time: 2025-10-30 17:54:18
0 1 1 1
1 0 1 1
1 1 0 1
1 1 1 0

Time: 2025-10-30 17:55:18
0 1 1 1
1 0 1 1
1 1 0 1
1 1 1 0

Time: 2025-10-30 17:56:18
0 1 1 1
1 0 1 1
1 1 0 1
1 1 1 0

Time: 2025-10-30 17:57:18
0 1 1 1
1 0 1 1
1 1 0 1
1 1 1 0

Time: 2025-10-30 17:58:18
0 1 1 1
1 0 1 1
1 1 0 1
1 1 1 0

Time: 2025-10-30 17:59:18
0 1 1 1
1 0 1 1
1 1 0 1
1 1 1 0

Time: 2025-10-30 18:00:18
0 1 1 1
1 0 1 1
1 1 0 1
1 1 1 0

Time: 2025-10-30 18:01:18
0 1 1 1
1 0 1 1
1 1 0 1
1 1 1 0

Time: 2025-10-30 18:02:18
0 1 1 1
1 0 1 1
1 1 0 1
1 1 1 0

Time: 2025-10-30 18:03:18
0 1 1 1
1 0 1 1
1 1 0 1
1 1 1 0

Time: 2025-10-30 18:04:18
0 1 1 1
1 0 1 1
1 1 0 1
1 1 1 0

Time: 2025-10-30 18:05:18
0 1 1 1
1 0 1 1
1 1 0 1
1 1 1 0

Time: 2025-10-30 18:06:18
0 1 1 1
1 0 1 1
1 1 0 1
1 1 1 0

Time: 2025-10-30 18:07:18
0 1 1 1
1 0 1 1
1 1 0 1
1 1 1 0

Time: 2025-10-30 18:08:18
0 1 1 1
1 0 1 1
1 1 0 1
1 1 1 0

Time: 2025-10-30 18:09:18
0 1 1 1
1 0 1 1
1 1 0 1
1 1 1 0

Time: 2025-10-30 18:10:18
0 1 1 1
1 0 1 1
1 1 0 1
1 1 1 0

Time: 2025-10-30 18:11:18
0 1 1 1
1 0 1 1
1 1 0 1
1 1 1 0

Time: 2025-10-30 18:12:18
0 1 1 1
1 0 1 1
1 1 0 1
1 1 1 0

Time: 2025-10-30 18:13:18
0 1 1 1
1 0 1 1
1 1 0 1
1 1 1 0

Time: 2025-10-30 18:14:18
0 1 1 1
1 0 1 1
1 1 0 1
1 1 1 0

Time: 2025-10-30 18:15:18
0 1 1 1
1 0 1 1
1 1 0 1
1 1 1 0

Time: 2025-10-30 18:16:18
0 1 1 1
1 0 1 1
1 1 0 1
1 1 1 0

Time: 2025-10-30 18:17:18
0 1 1 1
1 0 1 1
1 1 0 1
1 1 1 0

Time: 2025-10-30 18:18:18
0 1 1 1
1 0 1 1
1 1 0 1
1 1 1 0

Time: 2025-10-30 18:19:18
0 1 1 1
1 0 1 1
1 1 0 1
1 1 1 0

Time: 2025-10-30 18:20:18
0 1 1 1
1 0 1 1
1 1 0 1
1 1 1 0

Time: 2025-10-30 18:21:18
0 1 1 1
1 0 1 1
1 1 0 1
1 1 1 0

Time: 2025-10-30 18:22:18
0 1 1 1
1 0 1 1
1 1 0 1
1 1 1 0

Time: 2025-10-30 18:23:18
0 1 1 1
1 0 1 1
1 1 0 1
1 1 1 0

Time: 2025-10-30 18:24:18
0 1 1 1
1 0 1 1
1 1 0 1
1 1 1 0

Time: 2025-10-30 18:25:18
0 1 1 1
1 0 1 1
1 1 0 1
1 1 1 0

Time: 2025-10-30 18:26:18
0 1 1 1
1 0 1 1
1 1 0 1
1 1 1 0

Time: 2025-10-30 18:27:18
0 1 1 1
1 0 1 1
1 1 0 1
1 1 1 0

Time: 2025-10-30 18:28:18
0 1 1 1
1 0 1 1
1 1 0 1
1 1 1 0

Time: 2025-10-30 18:29:18
0 1 1 1
1 0 1 1
1 1 0 1
1 1 1 0

Time: 2025-10-30 18:30:18
0 1 1 1
1 0 1 1
1 1 0 1
1 1 1 0

Time: 2025-10-30 18:31:18
0 1 1 1
1 0 1 1
1 1 0 1
1 1 1 0

Time: 2025-10-30 18:32:18
0 1 1 1
1 0 1 1
1 1 0 1
1 1 1 0

Time: 2025-10-30 18:33:18
0 1 1 1
1 0 1 1
1 1 0 1
1 1 1 0

